1 100
39
100 3
200 111 1 3 1
200 222 2 1 1
200 333 3 5 1
200 444 4 2 1
200 555 5 3 1
500 1 5 333 555 111 444 222
400 1 111 8 1
400 1 111 2 0
500 1 0
200 111 1 3 0
300 111 1
300 111 0
500 1 4 333 555 444 222
200 666 2 8 1
200 777 2 3 1
200 888 2 5 1
200 999 2 6 1
400 2 222 7 1
400 2 333 5 1
400 2 444 4 1
500 2 4 666 999 888 777
500 3 5 333 666 222 999 444
200 11 1 6 1
200 22 1 9 1
200 33 1 4 1
200 44 1 1 1
200 55 1 7 1
400 1 999 5 1
400 1 11 2 1
500 1 4 666 222 888 777
400 1 888 4 1
400 1 777 4 1
400 1 666 4 1
400 1 22 4 1
500 1 3 55 33 44
500 3 5 22 666 999 333 888
300 777 1
500 1 1 222
